
1682583421 美团 whr 蛋黄酥 4.9 8 39.2 1682583421 1 1
1682755442 京东 whr 薯片 5 2 10 1682755442 1 2
1682583140 饿了么 whr 牛肉米线 6.8 1 6.8 1682583140 1 2
1682583007 饿了么 ximo 血糯米奶茶 12.6 1 12.6 1682583007 1 2
1682583509 京东 whr 电池 14.8 2 29.6 1682583509 0 0
1682583608 美团 ximo 四季奶青 15 1 15 1682583608 0 1
1682601281 美团 whr 四季奶青 15 1 15 1682601281 1 2
1682583058 饿了么 whr 鸡排 15.69 1 15.69 1682583058 1 2
1682583096 美团 ximo 蜜汁脆皮鸡饭 17.79 1 17.79 1682583096 1 2
1682750537 阿里巴巴 whr 毛巾 23 2 46 1682750537 1 1
1682583573 京东 ximo 有线耳机 27 1 27 1682583573 1 0
1682582902 京东 ximo 特仑苏纯牛奶 46.4 1 46.4 1682582902 1 2
1682583483 淘宝 ximo 防晒衣 299 1 299 1682583483 1 2